Basketball Dataset /Users/jimmy/Data/YoutubeSR/Simley_vs_Richfield.mov
ImageFile, Camera Parameter [Pan Tilt FocalLength]

images/00019800.jpg	 0.520949	 -11.433174	 1919.092246	
images/00019810.jpg	 -2.657365	 -12.453208	 1908.575185	
images/00019820.jpg	 -5.835678	 -13.473243	 1898.058123	
images/00019830.jpg	 -9.013992	 -14.493277	 1887.541062	
images/00019840.jpg	 -8.570840	 -14.227361	 1881.828386	
images/00019850.jpg	 -8.127688	 -13.961444	 1876.115709	
images/00019860.jpg	 -7.684536	 -13.695528	 1870.403033	
images/00019870.jpg	 -6.632439	 -13.349338	 1879.493577	
images/00019880.jpg	 -5.580341	 -13.003147	 1888.584121	
images/00019890.jpg	 -4.528244	 -12.656957	 1897.674665	
images/00019900.jpg	 -3.512302	 -12.569081	 1904.752643	
images/00019910.jpg	 -2.496360	 -12.481206	 1911.830622	
images/00019920.jpg	 -1.480418	 -12.393330	 1918.908600	
images/00019930.jpg	 9.948429	 -12.303162	 1907.903732	
images/00019940.jpg	 21.377275	 -12.212995	 1896.898863	
images/00019950.jpg	 32.806122	 -12.122827	 1885.893995	
images/00019960.jpg	 35.490510	 -11.727444	 1862.429910	
images/00019970.jpg	 38.174897	 -11.332061	 1838.965825	
images/00019980.jpg	 40.859285	 -10.936678	 1815.501740	
images/00019990.jpg	 40.693971	 -10.712146	 1802.607807	
images/00020000.jpg	 40.528656	 -10.487614	 1789.713874	
images/00020010.jpg	 40.363342	 -10.263082	 1776.819941	
images/00020020.jpg	 40.166322	 -10.080600	 1791.780525	
images/00020030.jpg	 39.969302	 -9.898118	 1806.741110	
images/00020040.jpg	 39.772282	 -9.715636	 1821.701694	
images/00020050.jpg	 42.823281	 -9.793172	 1878.052408	
images/00020060.jpg	 45.874281	 -9.870708	 1934.403122	
images/00020070.jpg	 48.925280	 -9.948244	 1990.753836	
images/00020080.jpg	 49.474334	 -8.493433	 2112.112585	
images/00020090.jpg	 50.023388	 -7.038621	 2233.471334	
images/00020100.jpg	 50.572442	 -5.583810	 2354.830083	
images/00020110.jpg	 50.457003	 -5.511265	 2367.891418	
images/00020120.jpg	 50.341565	 -5.438720	 2380.952753	
images/00020130.jpg	 50.226126	 -5.366175	 2394.014088	
images/00020140.jpg	 50.226827	 -5.928899	 2395.505145	
images/00020150.jpg	 50.227527	 -6.491623	 2396.996202	
images/00020160.jpg	 50.228228	 -7.054347	 2398.487259	
images/00020170.jpg	 50.120048	 -7.927536	 2371.606800	
images/00020180.jpg	 50.011867	 -8.800726	 2344.726341	
images/00020190.jpg	 49.903687	 -9.673915	 2317.845882	
images/00020200.jpg	 48.188360	 -10.119217	 2144.247989	
images/00020210.jpg	 46.473033	 -10.564519	 1970.650096	
images/00020220.jpg	 44.757706	 -11.009821	 1797.052203	
images/00020230.jpg	 38.723649	 -11.398242	 1700.234054	
images/00020240.jpg	 32.689592	 -11.786662	 1603.415906	
images/00020250.jpg	 26.655535	 -12.175083	 1506.597757	
images/00020260.jpg	 21.072205	 -12.613471	 1488.689557	
images/00020270.jpg	 15.488875	 -13.051860	 1470.781357	
images/00020280.jpg	 9.905545	 -13.490248	 1452.873157	
images/00020290.jpg	 9.930610	 -13.341876	 1468.861302	
images/00020300.jpg	 9.955675	 -13.193503	 1484.849446	
images/00020310.jpg	 9.980740	 -13.045131	 1500.837591	
images/00020320.jpg	 6.445292	 -13.223250	 1489.851929	
images/00020330.jpg	 2.909843	 -13.401370	 1478.866266	
images/00020340.jpg	 -0.625605	 -13.579489	 1467.880604	
images/00020350.jpg	 -3.671593	 -12.940401	 1474.601482	
images/00020360.jpg	 -6.717580	 -12.301313	 1481.322359	
images/00020370.jpg	 -9.763568	 -11.662225	 1488.043237	
images/00020380.jpg	 -10.984088	 -11.072566	 1494.390439	
images/00020390.jpg	 -12.204609	 -10.482908	 1500.737641	
images/00020400.jpg	 -13.425129	 -9.893249	 1507.084843	
images/00020410.jpg	 -13.542595	 -10.229548	 1509.498617	
images/00020420.jpg	 -13.660060	 -10.565847	 1511.912390	
images/00020430.jpg	 -13.777526	 -10.902146	 1514.326164	
images/00020440.jpg	 -16.377785	 -11.134106	 1511.448972	
images/00020450.jpg	 -18.978045	 -11.366067	 1508.571781	
images/00020460.jpg	 -21.578304	 -11.598027	 1505.694589	
images/00020470.jpg	 -24.006692	 -11.585483	 1486.319149	
images/00020480.jpg	 -26.435080	 -11.572939	 1466.943709	
images/00020490.jpg	 -28.863468	 -11.560395	 1447.568269	
images/00020500.jpg	 -28.640223	 -11.318989	 1462.052293	
images/00020510.jpg	 -28.416977	 -11.077583	 1476.536317	
images/00020520.jpg	 -28.193732	 -10.836177	 1491.020341	
images/00020530.jpg	 -28.020980	 -10.684981	 1497.774660	
images/00020540.jpg	 -27.848227	 -10.533784	 1504.528980	
images/00020550.jpg	 -27.675475	 -10.382588	 1511.283299	
images/00020560.jpg	 -27.411484	 -10.319381	 1521.967487	
images/00020570.jpg	 -27.147493	 -10.256175	 1532.651674	
images/00020580.jpg	 -26.883502	 -10.192968	 1543.335862	
images/00020590.jpg	 -26.903107	 -10.084529	 1526.160226	
images/00020600.jpg	 -26.922711	 -9.976091	 1508.984591	
images/00020610.jpg	 -26.942316	 -9.867652	 1491.808955	
images/00020620.jpg	 -26.826270	 -9.799234	 1491.168821	
images/00020630.jpg	 -26.710224	 -9.730817	 1490.528688	
images/00020640.jpg	 -26.594178	 -9.662399	 1489.888554	
images/00020650.jpg	 -26.582803	 -9.636257	 1480.597605	
images/00020660.jpg	 -26.571428	 -9.610116	 1471.306656	
images/00020670.jpg	 -26.560053	 -9.583974	 1462.015707	
images/00020680.jpg	 -26.297645	 -10.098664	 1485.289860	
images/00020690.jpg	 -26.035236	 -10.613354	 1508.564014	
images/00020700.jpg	 -25.772828	 -11.128044	 1531.838167	
images/00020710.jpg	 -25.760565	 -12.186893	 1529.618712	
images/00020720.jpg	 -25.748303	 -13.245743	 1527.399258	
images/00020730.jpg	 -25.736040	 -14.304592	 1525.179803	
images/00020740.jpg	 -25.725570	 -14.096729	 1524.698984	
images/00020750.jpg	 -25.715099	 -13.888866	 1524.218165	
images/00020760.jpg	 -25.704629	 -13.681003	 1523.737346	
images/00020770.jpg	 -25.705114	 -13.295676	 1523.403238	
images/00020780.jpg	 -25.705599	 -12.910350	 1523.069130	
images/00020790.jpg	 -25.706084	 -12.525023	 1522.735022	
images/00020800.jpg	 -25.690372	 -12.345228	 1523.004629	
images/00020810.jpg	 -25.674659	 -12.165432	 1523.274235	
images/00020820.jpg	 -25.658947	 -11.985637	 1523.543842	
images/00020830.jpg	 -25.883092	 -12.052834	 1522.418180	
images/00020840.jpg	 -26.107237	 -12.120031	 1521.292517	
images/00020850.jpg	 -26.331382	 -12.187228	 1520.166855	
images/00020860.jpg	 -28.015990	 -11.313801	 1662.450233	
images/00020870.jpg	 -29.700598	 -10.440373	 1804.733611	
images/00020880.jpg	 -31.385206	 -9.566946	 1947.016989	
images/00020890.jpg	 -33.346067	 -9.945801	 2056.997223	
images/00020900.jpg	 -35.306927	 -10.324656	 2166.977458	
images/00020910.jpg	 -37.267788	 -10.703511	 2276.957692	
images/00020920.jpg	 -37.487621	 -10.839300	 2238.995859	
images/00020930.jpg	 -37.707453	 -10.975089	 2201.034027	
images/00020940.jpg	 -37.927286	 -11.110878	 2163.072194	
images/00020950.jpg	 -37.854189	 -11.080600	 2162.037644	
images/00020960.jpg	 -37.781092	 -11.050322	 2161.003093	
images/00020970.jpg	 -37.707995	 -11.020044	 2159.968543	
images/00020980.jpg	 -37.487926	 -10.891765	 2196.442611	
images/00020990.jpg	 -37.267856	 -10.763486	 2232.916680	
images/00021000.jpg	 -37.047787	 -10.635207	 2269.390748	
images/00021010.jpg	 -36.667831	 -10.587991	 2229.861960	
images/00021020.jpg	 -36.287876	 -10.540776	 2190.333171	
images/00021030.jpg	 -35.907920	 -10.493560	 2150.804383	
images/00021040.jpg	 -28.614442	 -10.034154	 2179.272994	
images/00021050.jpg	 -21.320963	 -9.574749	 2207.741604	
images/00021060.jpg	 -14.027485	 -9.115343	 2236.210215	
images/00021070.jpg	 -14.109288	 -8.808398	 2240.334750	
images/00021080.jpg	 -14.191090	 -8.501454	 2244.459285	
images/00021090.jpg	 -14.272893	 -8.194509	 2248.583820	
images/00021100.jpg	 -16.659174	 -7.884798	 2243.328248	
images/00021110.jpg	 -19.045455	 -7.575088	 2238.072675	
images/00021120.jpg	 -21.431736	 -7.265377	 2232.817103	
images/00021130.jpg	 -21.466322	 -6.806328	 2209.243610	
images/00021140.jpg	 -21.500907	 -6.347280	 2185.670118	
images/00021150.jpg	 -21.535493	 -5.888231	 2162.096625	
images/00021160.jpg	 -21.459503	 -5.857431	 2156.442311	
images/00021170.jpg	 -21.383512	 -5.826632	 2150.787998	
images/00021180.jpg	 -21.307522	 -5.795832	 2145.133684	
images/00021190.jpg	 -21.270797	 -6.254870	 2119.089379	
images/00021200.jpg	 -21.234072	 -6.713907	 2093.045074	
images/00021210.jpg	 -21.197347	 -7.172945	 2067.000769	
images/00021220.jpg	 -21.110002	 -7.292597	 2064.610677	
images/00021230.jpg	 -21.022658	 -7.412249	 2062.220584	
images/00021240.jpg	 -20.935313	 -7.531901	 2059.830492	
images/00021250.jpg	 -20.837715	 -7.495771	 2022.325384	
images/00021260.jpg	 -20.740117	 -7.459641	 1984.820276	
images/00021270.jpg	 -20.642519	 -7.423511	 1947.315168	
images/00021280.jpg	 -20.262904	 -7.896848	 1882.456931	
images/00021290.jpg	 -19.883290	 -8.370186	 1817.598694	
images/00021300.jpg	 -19.503675	 -8.843523	 1752.740457	
images/00021310.jpg	 -18.819596	 -9.284552	 1675.985792	
images/00021320.jpg	 -18.135517	 -9.725581	 1599.231127	
images/00021330.jpg	 -17.451438	 -10.166610	 1522.476462	
images/00021340.jpg	 -12.276166	 -10.657304	 1508.148870	
images/00021350.jpg	 -7.100893	 -11.147998	 1493.821279	
images/00021360.jpg	 -1.925621	 -11.638692	 1479.493687	
images/00021370.jpg	 2.619095	 -11.404723	 1488.523313	
images/00021380.jpg	 7.163810	 -11.170754	 1497.552940	
images/00021390.jpg	 11.708526	 -10.936785	 1506.582566	
images/00021400.jpg	 16.591910	 -10.743059	 1505.744562	
images/00021410.jpg	 21.475293	 -10.549334	 1504.906557	
images/00021420.jpg	 26.358677	 -10.355608	 1504.068553	
images/00021430.jpg	 26.942201	 -10.244012	 1514.422215	
images/00021440.jpg	 27.525725	 -10.132417	 1524.775878	
images/00021450.jpg	 28.109249	 -10.020821	 1535.129540	
images/00021460.jpg	 28.942714	 -9.976939	 1613.984892	
images/00021470.jpg	 29.776180	 -9.933056	 1692.840243	
images/00021480.jpg	 30.609645	 -9.889174	 1771.695595	
images/00021490.jpg	 30.733205	 -9.768154	 1772.357298	
images/00021500.jpg	 30.856764	 -9.647133	 1773.019002	
images/00021510.jpg	 30.980324	 -9.526113	 1773.680705	
images/00021520.jpg	 30.641675	 -9.599160	 1775.566819	
images/00021530.jpg	 30.303025	 -9.672207	 1777.452932	
images/00021540.jpg	 29.964376	 -9.745254	 1779.339046	
images/00021550.jpg	 28.930851	 -9.952971	 1780.170685	
images/00021560.jpg	 27.897325	 -10.160687	 1781.002323	
images/00021570.jpg	 26.863800	 -10.368404	 1781.833962	
images/00021580.jpg	 26.752903	 -10.687526	 1781.541846	
images/00021590.jpg	 26.642005	 -11.006647	 1781.249729	
images/00021600.jpg	 26.531108	 -11.325769	 1780.957613	
images/00021610.jpg	 26.618250	 -11.334683	 1780.935339	
images/00021620.jpg	 26.705392	 -11.343596	 1780.913066	
images/00021630.jpg	 26.792534	 -11.352510	 1780.890792	
images/00021640.jpg	 28.557467	 -11.324190	 1782.092195	
images/00021650.jpg	 30.322400	 -11.295869	 1783.293597	
images/00021660.jpg	 32.087333	 -11.267549	 1784.495000	
images/00021670.jpg	 33.012342	 -11.246476	 1787.482797	
images/00021680.jpg	 33.937351	 -11.225404	 1790.470595	
images/00021690.jpg	 34.862360	 -11.204331	 1793.458392	
images/00021700.jpg	 33.317843	 -11.251019	 1790.029279	
images/00021710.jpg	 31.773326	 -11.297708	 1786.600167	
images/00021720.jpg	 30.228809	 -11.344396	 1783.171054	
images/00021730.jpg	 29.515372	 -11.844383	 1784.274727	
images/00021740.jpg	 28.801935	 -12.344369	 1785.378400	
images/00021750.jpg	 28.088498	 -12.844356	 1786.482073	
images/00021760.jpg	 29.636081	 -13.215928	 1788.890323	
images/00021770.jpg	 31.183664	 -13.587499	 1791.298574	
images/00021780.jpg	 32.731247	 -13.959071	 1793.706824	
images/00021790.jpg	 33.544713	 -12.581277	 1794.039453	
images/00021800.jpg	 34.358179	 -11.203484	 1794.372082	
images/00021810.jpg	 35.171645	 -9.825690	 1794.704711	
images/00021820.jpg	 35.768504	 -9.913002	 1793.786537	
images/00021830.jpg	 36.365364	 -10.000315	 1792.868362	
images/00021840.jpg	 36.962223	 -10.087627	 1791.950188	
images/00021850.jpg	 35.233608	 -11.613230	 1793.185871	
images/00021860.jpg	 33.504992	 -13.138832	 1794.421555	
images/00021870.jpg	 31.776377	 -14.664435	 1795.657238	
images/00021880.jpg	 31.471957	 -13.467059	 1791.845977	
images/00021890.jpg	 31.167537	 -12.269683	 1788.034716	
images/00021900.jpg	 30.863117	 -11.072307	 1784.223455	
images/00021910.jpg	 30.985333	 -10.420947	 1813.835318	
images/00021920.jpg	 31.107549	 -9.769588	 1843.447182	
images/00021930.jpg	 31.229765	 -9.118228	 1873.059045	
images/00021940.jpg	 31.492341	 -9.076095	 2013.897317	
images/00021950.jpg	 31.754918	 -9.033962	 2154.735589	
images/00021960.jpg	 32.017494	 -8.991829	 2295.573861	
images/00021970.jpg	 32.114118	 -9.153943	 2294.967792	
images/00021980.jpg	 32.210742	 -9.316058	 2294.361723	
images/00021990.jpg	 32.307366	 -9.478172	 2293.755654	
images/00022000.jpg	 32.157576	 -10.122386	 2289.735541	
images/00022010.jpg	 32.007787	 -10.766601	 2285.715427	
images/00022020.jpg	 31.857997	 -11.410815	 2281.695314	
images/00022030.jpg	 28.759964	 -11.726702	 2289.604003	
images/00022040.jpg	 25.661930	 -12.042588	 2297.512693	
images/00022050.jpg	 22.563897	 -12.358475	 2305.421382	
images/00022060.jpg	 22.636034	 -11.977176	 2257.543689	
images/00022070.jpg	 22.708171	 -11.595876	 2209.665996	
images/00022080.jpg	 22.780308	 -11.214577	 2161.788303	
images/00022090.jpg	 26.117652	 -11.022883	 2157.573114	
images/00022100.jpg	 29.454996	 -10.831188	 2153.357924	
images/00022110.jpg	 32.792340	 -10.639494	 2149.142735	
images/00022120.jpg	 34.248681	 -10.485947	 2150.895182	
images/00022130.jpg	 35.705023	 -10.332399	 2152.647630	
images/00022140.jpg	 37.161364	 -10.178852	 2154.400077	
images/00022150.jpg	 41.387902	 -10.064559	 2114.525426	
images/00022160.jpg	 45.614439	 -9.950265	 2074.650776	
images/00022170.jpg	 49.840977	 -9.835972	 2034.776125	
images/00022180.jpg	 50.394217	 -9.256025	 2088.484317	
images/00022190.jpg	 50.947457	 -8.676077	 2142.192508	
images/00022200.jpg	 51.500697	 -8.096130	 2195.900700	
images/00022210.jpg	 51.453954	 -7.812565	 2160.294876	
images/00022220.jpg	 51.407212	 -7.529001	 2124.689052	
images/00022230.jpg	 51.360469	 -7.245436	 2089.083228	
images/00022240.jpg	 51.242846	 -7.948395	 2097.480843	
images/00022250.jpg	 51.125223	 -8.651353	 2105.878457	
images/00022260.jpg	 51.007600	 -9.354312	 2114.276072	
images/00022270.jpg	 50.948933	 -10.100630	 2113.629854	
images/00022280.jpg	 50.890265	 -10.846949	 2112.983637	
images/00022290.jpg	 50.831598	 -11.593267	 2112.337419	
images/00022300.jpg	 50.769898	 -11.581792	 2122.556356	
images/00022310.jpg	 50.708199	 -11.570317	 2132.775293	
images/00022320.jpg	 50.646499	 -11.558842	 2142.994230	
images/00022330.jpg	 50.621069	 -11.615981	 2132.402055	
images/00022340.jpg	 50.595639	 -11.673119	 2121.809880	
images/00022350.jpg	 50.570209	 -11.730258	 2111.217705	
images/00022360.jpg	 50.554759	 -11.698191	 2115.674077	
images/00022370.jpg	 50.539310	 -11.666124	 2120.130448	
images/00022380.jpg	 50.523860	 -11.634057	 2124.586820	
images/00022390.jpg	 50.676105	 -11.737739	 2111.005238	
images/00022400.jpg	 50.828349	 -11.841420	 2097.423657	
images/00022410.jpg	 50.980594	 -11.945102	 2083.842075	
images/00022420.jpg	 51.128372	 -12.919854	 2083.396874	
images/00022430.jpg	 51.276151	 -13.894607	 2082.951673	
images/00022440.jpg	 51.423929	 -14.869359	 2082.506472	
images/00022450.jpg	 52.016682	 -13.771355	 2107.141798	
images/00022460.jpg	 52.609436	 -12.673352	 2131.777125	
images/00022470.jpg	 53.202189	 -11.575348	 2156.412451	
images/00022480.jpg	 53.313806	 -11.761365	 2140.411820	
images/00022490.jpg	 53.425422	 -11.947383	 2124.411190	
images/00022500.jpg	 53.537039	 -12.133400	 2108.410559	
images/00022510.jpg	 53.548500	 -12.260723	 2107.195999	
images/00022520.jpg	 53.559962	 -12.388045	 2105.981438	
images/00022530.jpg	 53.571423	 -12.515368	 2104.766878	
images/00022540.jpg	 53.617930	 -12.489422	 2130.594008	
images/00022550.jpg	 53.664438	 -12.463477	 2156.421138	
images/00022560.jpg	 53.710945	 -12.437531	 2182.248268	
images/00022570.jpg	 53.626371	 -12.531320	 2181.996761	
images/00022580.jpg	 53.541796	 -12.625108	 2181.745253	
images/00022590.jpg	 53.457222	 -12.718897	 2181.493746	
images/00022600.jpg	 53.713238	 -13.340898	 2131.781294	
images/00022610.jpg	 53.969253	 -13.962900	 2082.068841	
images/00022620.jpg	 54.225269	 -14.584901	 2032.356389	
images/00022630.jpg	 54.349009	 -13.598878	 2049.925590	
images/00022640.jpg	 54.472750	 -12.612856	 2067.494792	
images/00022650.jpg	 54.596490	 -11.626833	 2085.063993	
images/00022660.jpg	 54.542412	 -11.297535	 2103.454968	
images/00022670.jpg	 54.488334	 -10.968237	 2121.845944	
images/00022680.jpg	 54.434256	 -10.638939	 2140.236919	
images/00022690.jpg	 54.404370	 -11.001736	 2141.320261	
images/00022700.jpg	 54.374484	 -11.364534	 2142.403602	
images/00022710.jpg	 54.344598	 -11.727331	 2143.486944	
images/00022720.jpg	 54.067715	 -11.587468	 2079.917832	
images/00022730.jpg	 53.790831	 -11.447606	 2016.348720	
images/00022740.jpg	 53.513948	 -11.307743	 1952.779608	
images/00022750.jpg	 53.521510	 -11.048343	 1948.914992	
images/00022760.jpg	 53.529072	 -10.788942	 1945.050375	
images/00022770.jpg	 53.536634	 -10.529542	 1941.185759	
images/00022780.jpg	 53.877872	 -10.208558	 1896.324899	
images/00022790.jpg	 54.219110	 -9.887573	 1851.464039	
images/00022800.jpg	 54.560348	 -9.566589	 1806.603179	
images/00022810.jpg	 54.578715	 -9.304149	 1805.983082	
images/00022820.jpg	 54.597081	 -9.041709	 1805.362984	
images/00022830.jpg	 54.615448	 -8.779269	 1804.742887	
images/00022840.jpg	 54.623243	 -8.703607	 1804.678874	
images/00022850.jpg	 54.631038	 -8.627946	 1804.614862	
images/00022860.jpg	 54.638833	 -8.552284	 1804.550849	
images/00022870.jpg	 54.617407	 -8.504968	 1806.217604	
images/00022880.jpg	 54.595982	 -8.457653	 1807.884359	
images/00022890.jpg	 54.574556	 -8.410337	 1809.551114	
images/00022900.jpg	 54.575446	 -8.390676	 1809.471233	
images/00022910.jpg	 54.576336	 -8.371014	 1809.391351	
images/00022920.jpg	 54.577226	 -8.351353	 1809.311470	
images/00022930.jpg	 54.574313	 -8.403260	 1809.411404	
images/00022940.jpg	 54.571401	 -8.455166	 1809.511339	
images/00022950.jpg	 54.568488	 -8.507073	 1809.611273	
images/00022960.jpg	 54.588997	 -8.607800	 1807.783556	
images/00022970.jpg	 54.609505	 -8.708527	 1805.955838	
images/00022980.jpg	 54.630014	 -8.809254	 1804.128121	
images/00022990.jpg	 54.543667	 -8.872653	 1819.309332	
images/00023000.jpg	 54.457320	 -8.936053	 1834.490544	
images/00023010.jpg	 54.370973	 -8.999452	 1849.671755	
images/00023020.jpg	 54.458027	 -9.016111	 1834.425076	
images/00023030.jpg	 54.545080	 -9.032769	 1819.178398	
images/00023040.jpg	 54.632134	 -9.049428	 1803.931719	
images/00023050.jpg	 54.617253	 -9.047286	 1805.318945	
images/00023060.jpg	 54.602371	 -9.045144	 1806.706172	
images/00023070.jpg	 54.587490	 -9.043002	 1808.093398	
images/00023080.jpg	 54.576016	 -10.007497	 1813.450265	
images/00023090.jpg	 54.564542	 -10.971991	 1818.807131	
images/00023100.jpg	 54.553068	 -11.936486	 1824.163998	
images/00023110.jpg	 54.547196	 -12.161531	 1823.020932	
images/00023120.jpg	 54.541324	 -12.386575	 1821.877867	
images/00023130.jpg	 54.535452	 -12.611620	 1820.734801	
images/00023140.jpg	 54.561937	 -12.260415	 1818.436335	
images/00023150.jpg	 54.588423	 -11.909211	 1816.137869	
images/00023160.jpg	 54.614908	 -11.558006	 1813.839403	
images/00023170.jpg	 54.589378	 -11.398326	 1816.810351	
images/00023180.jpg	 54.563849	 -11.238647	 1819.781298	
images/00023190.jpg	 54.538319	 -11.078967	 1822.752246	
images/00023200.jpg	 54.568522	 -11.224285	 1816.559990	
images/00023210.jpg	 54.598726	 -11.369603	 1810.367735	
images/00023220.jpg	 54.628929	 -11.514921	 1804.175479	
images/00023230.jpg	 52.225958	 -11.639599	 1809.911253	
images/00023240.jpg	 49.822986	 -11.764278	 1815.647027	
images/00023250.jpg	 47.420015	 -11.888956	 1821.382801	
images/00023260.jpg	 42.552302	 -11.887711	 1836.488234	
images/00023270.jpg	 37.684589	 -11.886465	 1851.593668	
images/00023280.jpg	 32.816876	 -11.885220	 1866.699101	
images/00023290.jpg	 32.596502	 -11.508746	 1843.036880	
images/00023300.jpg	 32.376129	 -11.132272	 1819.374659	
images/00023310.jpg	 32.155755	 -10.755798	 1795.712438	
images/00023320.jpg	 32.285508	 -10.297181	 1796.043063	
images/00023330.jpg	 32.415262	 -9.838565	 1796.373687	
images/00023340.jpg	 32.545015	 -9.379948	 1796.704312	
images/00023350.jpg	 32.563326	 -9.211355	 1789.412909	
images/00023360.jpg	 32.581636	 -9.042763	 1782.121506	
images/00023370.jpg	 32.599947	 -8.874170	 1774.830103
images/00023380.jpg	 32.769227	 -8.891985	 1798.597727	
images/00023390.jpg	 32.810643	 -8.925305	 1796.123737	
images/00023400.jpg	 32.766866	 -8.918501	 1786.352292	
images/00023410.jpg	 32.942953	 -8.916940	 1869.127088	
images/00023420.jpg	 33.025025	 -8.864332	 1958.287498	
images/00023430.jpg	 33.034225	 -8.756516	 1980.003556	
images/00023440.jpg	 33.019966	 -8.640603	 1980.172657	
images/00023450.jpg	 32.846191	 -8.667298	 1934.067329	
images/00023460.jpg	 33.041027	 -8.706326	 1980.122227	
images/00023470.jpg	 33.031595	 -8.850427	 1959.572761	
images/00023480.jpg	 33.525668	 -8.890770	 1980.035020	
images/00023490.jpg	 36.146855	 -8.840808	 1925.698497	
images/00023500.jpg	 39.980491	 -8.835181	 1926.462768	
images/00023510.jpg	 43.789914	 -8.791454	 1925.568613	
images/00023520.jpg	 45.737900	 -8.593335	 2153.974650	
images/00023530.jpg	 46.983980	 -8.181592	 2295.173638	
images/00023540.jpg	 46.753942	 -8.899032	 2271.778192	
images/00023550.jpg	 45.388327	 -10.119334	 1769.842876	
images/00023560.jpg	 41.182059	 -10.680979	 1440.423156	
images/00023570.jpg	 38.454840	 -11.182545	 1435.676759	
images/00023580.jpg	 36.222775	 -11.321114	 1504.075680	
images/00023590.jpg	 34.187381	 -11.815843	 1510.601309	
images/00023600.jpg	 31.515213	 -12.216901	 1506.012721	
images/00023610.jpg	 28.200103	 -12.527258	 1502.066938	
images/00023620.jpg	 24.021374	 -12.432371	 1501.390296	
images/00023630.jpg	 19.167767	 -11.730653	 1497.255384	
images/00023640.jpg	 10.953147	 -10.795600	 1518.230191	
images/00023650.jpg	 -0.943311	 -9.782620	 1502.797909	
images/00023660.jpg	 -10.691804	 -8.497380	 1493.647042	
images/00023670.jpg	 -17.743990	 -7.572481	 1509.162867	
images/00023680.jpg	 -20.639824	 -7.044313	 1498.343704	
images/00023690.jpg	 -24.290206	 -6.898501	 1463.673770	
images/00023700.jpg	 -28.202633	 -6.775231	 1488.874999	
images/00023710.jpg	 -30.108204	 -6.758192	 1483.900662	
images/00023720.jpg	 -29.861423	 -6.651899	 1494.009061	
images/00023730.jpg	 -29.534690	 -6.602834	 1485.479548	
images/00023740.jpg	 -28.946165	 -6.588776	 1482.779023	
images/00023750.jpg	 -27.774298	 -6.684733	 1483.989266	
images/00023760.jpg	 -25.557645	 -6.648548	 1484.718808	
images/00023770.jpg	 -24.030465	 -6.680309	 1484.350037	
images/00023780.jpg	 -22.416471	 -6.730000	 1496.653058	
images/00023790.jpg	 -20.044125	 -7.590385	 1501.225116	
images/00023800.jpg	 -17.473287	 -8.564966	 1513.183010	
images/00023810.jpg	 -16.469896	 -9.194240	 1525.826160	
images/00023820.jpg	 -16.533757	 -9.726851	 1603.180973	
images/00023830.jpg	 -16.649037	 -9.859087	 1652.327926	
images/00023840.jpg	 -13.499159	 -9.903808	 1741.486735	
images/00023850.jpg	 -4.899420	 -10.125984	 1873.103720	
images/00023860.jpg	 6.435144	 -10.331210	 1919.817410	
images/00023870.jpg	 16.239702	 -10.840610	 1963.338814	
images/00023880.jpg	 26.416092	 -10.788686	 1878.657336	
images/00023890.jpg	 34.134847	 -10.598939	 1850.191747	
images/00023900.jpg	 39.493645	 -9.937612	 1896.284639	
images/00023910.jpg	 42.435302	 -9.188725	 1870.961497	
images/00023920.jpg	 43.667251	 -8.381226	 1875.812304	
images/00023930.jpg	 44.568378	 -7.633189	 1910.254424	
images/00023940.jpg	 45.502923	 -7.032407	 1983.688973	
images/00023950.jpg	 45.443084	 -6.830439	 2055.708655	
images/00023960.jpg	 45.261747	 -6.426420	 2157.350168	
images/00023970.jpg	 44.977975	 -5.484737	 2739.037692	
images/00023980.jpg	 44.836969	 -4.116995	 2812.030372	
images/00023990.jpg	 44.601167	 -3.101203	 2802.731958	
images/00024000.jpg	 44.567559	 -3.170100	 2828.033364	
images/00024010.jpg	 44.439439	 -5.504279	 2830.742606	
images/00024020.jpg	 44.357685	 -5.966484	 2832.467701	
images/00024030.jpg	 44.413358	 -6.034700	 2861.352642	
images/00024040.jpg	 44.312047	 -6.016418	 2829.841248	
images/00024050.jpg	 44.334112	 -5.914867	 2859.750036	
images/00024060.jpg	 44.275273	 -5.803933	 2859.146930	
images/00024070.jpg	 44.257503	 -5.766523	 2818.194652	
images/00024080.jpg	 44.254648	 -5.849794	 2865.541542	
images/00024090.jpg	 44.235635	 -6.178278	 2937.396583	
images/00024100.jpg	 44.240180	 -6.511934	 3242.977111	
images/00024110.jpg	 44.240565	 -6.805920	 3611.335070	
images/00024120.jpg	 44.203911	 -6.936434	 4030.864166	
images/00024130.jpg	 44.162735	 -7.046889	 4083.852956	
images/00024140.jpg	 43.983978	 -7.183665	 4137.215694	
images/00024150.jpg	 44.139912	 -7.217818	 4083.492526	
images/00024160.jpg	 43.917538	 -7.336769	 4083.531550	
images/00024170.jpg	 43.935618	 -7.226850	 3913.087092	
images/00024180.jpg	 43.974526	 -7.056141	 3779.766061	
images/00024190.jpg	 43.993805	 -6.900664	 3631.058107	
images/00024200.jpg	 43.994889	 -6.801307	 3492.785846	
images/00024210.jpg	 44.023438	 -6.667494	 3311.933367	
images/00024220.jpg	 44.047667	 -6.592958	 3133.184800	
images/00024230.jpg	 44.057159	 -6.498512	 2970.475550	
images/00024240.jpg	 44.035476	 -6.838907	 2851.049565	
images/00024250.jpg	 44.026746	 -8.785513	 2846.710551	
images/00024260.jpg	 44.016755	 -9.048997	 2788.886592	
images/00024270.jpg	 44.015444	 -8.253974	 2689.372182	
images/00024280.jpg	 43.974160	 -7.780944	 2535.254922	
images/00024290.jpg	 43.984620	 -7.612096	 2521.489798	
images/00024300.jpg	 44.030815	 -7.651376	 2540.452851	
images/00024310.jpg	 43.991823	 -7.883546	 2521.477182	
images/00024320.jpg	 43.983764	 -8.070541	 2520.265209	
images/00024330.jpg	 44.027403	 -8.183619	 2536.455355	
images/00024340.jpg	 44.030540	 -8.339036	 2537.315222	
images/00024350.jpg	 43.999825	 -8.453763	 2518.828894	
images/00024360.jpg	 43.980355	 -8.540083	 2520.116072	
images/00024370.jpg	 44.050199	 -8.633235	 2538.800226	
images/00024380.jpg	 43.988582	 -8.767388	 2519.514574	
images/00024390.jpg	 44.039187	 -8.902121	 2512.663420	
images/00024400.jpg	 44.039555	 -9.114433	 2512.458919	
images/00024410.jpg	 44.031828	 -9.411120	 2513.876117	
images/00024420.jpg	 44.041376	 -9.730128	 2513.273270	
images/00024430.jpg	 44.043041	 -10.050028	 2510.871065	
images/00024440.jpg	 44.054789	 -10.334613	 2504.725833	
images/00024450.jpg	 44.053238	 -10.552427	 2504.944167	
images/00024460.jpg	 44.041253	 -10.672763	 2504.018627	
images/00024470.jpg	 44.060576	 -10.728585	 2504.296424	
images/00024480.jpg	 43.984774	 -10.757584	 2527.858198	
images/00024490.jpg	 44.042979	 -10.735309	 2502.978383	
images/00024500.jpg	 43.961306	 -10.704820	 2527.101847	
images/00024510.jpg	 44.058707	 -10.635214	 2503.289270	
images/00024520.jpg	 44.057389	 -10.539734	 2502.717335	
images/00024530.jpg	 44.059221	 -10.394007	 2506.550717	
images/00024540.jpg	 44.060282	 -10.266186	 2503.530419	
images/00024550.jpg	 44.040395	 -10.164979	 2512.804856	
images/00024560.jpg	 43.969060	 -10.081309	 2530.210620	
images/00024570.jpg	 44.043567	 -9.944416	 2512.036707	
images/00024580.jpg	 43.965508	 -9.832675	 2527.674248	
images/00024590.jpg	 43.933091	 -9.731850	 2530.995197	
images/00024600.jpg	 43.975476	 -9.838180	 2514.859028	
images/00024610.jpg	 43.820688	 -10.202044	 2504.988747	
images/00024620.jpg	 39.645616	 -10.603693	 2479.908319	
images/00024630.jpg	 37.858603	 -11.007931	 2416.184625	
images/00024640.jpg	 34.131195	 -11.370915	 2352.906015	
images/00024650.jpg	 30.062525	 -11.800134	 2267.379511	
images/00024660.jpg	 27.239485	 -12.044355	 2149.728046	
images/00024670.jpg	 25.086701	 -12.083279	 2087.461520	
images/00024680.jpg	 23.635727	 -12.043320	 2051.078091	
images/00024690.jpg	 22.681026	 -11.975260	 2049.114255	
images/00024700.jpg	 21.311872	 -11.909253	 2053.745199	
images/00024710.jpg	 20.503905	 -11.766107	 2052.583888	
images/00024720.jpg	 20.023299	 -11.568481	 2054.118634	
images/00024730.jpg	 19.367376	 -11.410271	 2053.984246	
images/00024740.jpg	 18.000484	 -11.318296	 2051.684119	
images/00024750.jpg	 15.220666	 -11.080329	 2071.973310	
images/00024760.jpg	 11.209022	 -11.013833	 2000.820921	
images/00024770.jpg	 5.568406	 -10.901205	 2010.995358	
images/00024780.jpg	 -0.917087	 -10.687817	 1983.775697	
images/00024790.jpg	 -6.819032	 -10.525291	 2014.711061	
images/00024800.jpg	 -10.568886	 -10.238727	 2033.044180	
images/00024810.jpg	 -12.054745	 -9.736899	 1970.759008	
images/00024820.jpg	 -12.371490	 -9.390496	 1970.082595	
images/00024830.jpg	 -12.228197	 -9.135173	 1968.738549	
images/00024840.jpg	 -12.748276	 -8.976479	 1938.863361	
images/00024850.jpg	 -13.378381	 -9.006331	 1946.806393	
images/00024860.jpg	 -14.397522	 -9.010339	 1966.102101	
images/00024870.jpg	 -15.057487	 -8.916370	 1947.638400	
images/00024880.jpg	 -15.683619	 -8.679741	 1968.656804	
images/00024890.jpg	 -15.732977	 -8.740525	 1967.775249	
images/00024900.jpg	 -15.638002	 -8.942464	 1967.977355	
images/00024910.jpg	 -15.507192	 -9.241766	 1968.733101	
images/00024920.jpg	 -15.353510	 -9.570438	 1968.221645	
images/00024930.jpg	 -15.235878	 -10.056668	 1968.607235	
images/00024940.jpg	 -15.110524	 -10.531181	 1967.642195	
images/00024950.jpg	 -14.989352	 -10.892014	 1966.220988	
images/00024960.jpg	 -14.858690	 -11.119570	 1966.315981	
images/00024970.jpg	 -14.728453	 -11.260169	 1968.244757	
images/00024980.jpg	 -14.640896	 -11.451552	 1966.187772	
images/00024990.jpg	 -14.596466	 -11.801278	 1960.387693	
images/00025000.jpg	 -14.600200	 -12.141655	 1957.871532	
images/00025010.jpg	 -14.580359	 -12.159201	 1956.113551	
images/00025020.jpg	 -14.583906	 -11.746780	 1957.050496	
images/00025030.jpg	 -14.598392	 -11.381684	 1965.966165	
images/00025040.jpg	 -14.604848	 -11.085346	 1966.720164	
images/00025050.jpg	 -14.609642	 -10.859878	 1966.348968	
images/00025060.jpg	 -14.566957	 -10.692384	 1966.994106	
images/00025070.jpg	 -14.569066	 -10.558694	 1967.111688	
images/00025080.jpg	 -14.533958	 -10.454422	 1966.547204	
images/00025090.jpg	 -14.400426	 -10.395511	 1966.475807	
images/00025100.jpg	 -14.307243	 -10.358306	 1967.055441	
images/00025110.jpg	 -13.754970	 -10.375675	 1967.994713	
images/00025120.jpg	 -13.591831	 -10.479128	 1966.810634	
images/00025130.jpg	 -13.552481	 -10.518490	 1966.666431	
images/00025140.jpg	 -13.124338	 -10.497047	 1965.609167	
images/00025150.jpg	 -12.980153	 -10.389350	 1966.261286	
images/00025160.jpg	 -12.911536	 -10.270662	 1967.052315	
images/00025170.jpg	 -12.865400	 -10.233706	 1967.443701	
images/00025180.jpg	 -12.531395	 -10.282586	 1967.278911	
images/00025190.jpg	 -12.420268	 -10.374987	 1966.235634	
images/00025200.jpg	 -12.325837	 -10.438513	 1966.629185	
images/00025210.jpg	 -12.252302	 -10.454632	 1965.662027	
images/00025220.jpg	 -12.193993	 -10.392962	 1966.112783	
images/00025230.jpg	 -12.143342	 -10.277502	 1965.869122	
images/00025240.jpg	 -11.942234	 -10.132959	 1967.472672	
images/00025250.jpg	 -11.572091	 -10.019773	 1966.731254	
images/00025260.jpg	 -10.841138	 -9.944803	 1968.825620	
images/00025270.jpg	 -10.475290	 -9.969387	 1968.584031	
images/00025280.jpg	 -10.212793	 -10.086970	 1967.379972	
images/00025290.jpg	 -9.995195	 -10.186411	 1966.161590	
images/00025300.jpg	 -9.164260	 -10.209020	 1962.805972	
images/00025310.jpg	 -3.501393	 -10.198953	 2015.548745	
images/00025320.jpg	 3.692021	 -9.964046	 2018.675447	
images/00025330.jpg	 9.651662	 -9.941500	 2010.207829	
images/00025340.jpg	 15.092181	 -9.971030	 1982.280887	
images/00025350.jpg	 19.068977	 -9.829171	 1997.367817	
images/00025360.jpg	 22.472306	 -10.184935	 1967.556716	
images/00025370.jpg	 24.215248	 -10.305121	 1963.263645	
images/00025380.jpg	 24.626511	 -10.349671	 1955.900729	
images/00025390.jpg	 24.498144	 -10.134723	 1961.845036	
images/00025400.jpg	 24.220958	 -9.557631	 1964.060052	
images/00025410.jpg	 24.029868	 -8.889993	 1964.387373	
images/00025420.jpg	 24.162160	 -8.363896	 1964.966006	
images/00025430.jpg	 24.781481	 -7.925990	 1964.889405	
images/00025440.jpg	 25.217811	 -7.562385	 1964.422724	
images/00025450.jpg	 25.551570	 -7.271716	 1963.343014	
images/00025460.jpg	 25.743956	 -7.035815	 1966.010276	
images/00025470.jpg	 25.882621	 -6.920876	 1960.603678	
images/00025480.jpg	 25.882499	 -8.129117	 1964.620219	
images/00025490.jpg	 25.791593	 -8.724467	 1965.631716	
images/00025500.jpg	 21.624231	 -9.033584	 1995.433380	
images/00025510.jpg	 12.294253	 -9.020952	 1972.446418	
images/00025520.jpg	 1.640850	 -8.962478	 1946.551273	
images/00025530.jpg	 -10.188485	 -8.961211	 1957.964478	
images/00025540.jpg	 -20.245774	 -9.281979	 1962.147425	
images/00025550.jpg	 -27.557478	 -9.590466	 2031.670679	
images/00025560.jpg	 -30.124092	 -9.223242	 1897.064365	
images/00025570.jpg	 -29.754304	 -7.842202	 1903.012113	
images/00025580.jpg	 -29.174879	 -6.285891	 1920.636743	
images/00025590.jpg	 -29.060337	 -4.933901	 1954.140618	
images/00025600.jpg	 -28.751694	 -4.188989	 1949.092527	
images/00025610.jpg	 -28.610176	 -5.413671	 1919.448902	
images/00025620.jpg	 -28.415039	 -6.536644	 1960.737329	
images/00025630.jpg	 -28.344209	 -6.488877	 1919.780408	
images/00025640.jpg	 -28.123981	 -6.524060	 1960.155694	
images/00025650.jpg	 -28.004727	 -6.821690	 1961.593412	
images/00025660.jpg	 -27.930165	 -7.089486	 1961.712295	
images/00025670.jpg	 -27.889339	 -7.247929	 1961.340471	
images/00025680.jpg	 -28.316513	 -7.212719	 1899.711357	
images/00025690.jpg	 -27.952158	 -7.322485	 1955.204926	
images/00025700.jpg	 -28.442456	 -7.249325	 1899.050529	
images/00025710.jpg	 -28.057023	 -7.314313	 1967.329052	
images/00025720.jpg	 -28.163623	 -7.253864	 1966.829952	
images/00025730.jpg	 -28.613432	 -7.100954	 1916.715380	
images/00025740.jpg	 -28.355588	 -7.119815	 1950.613896	
images/00025750.jpg	 -28.436794	 -7.145748	 1922.002979	
images/00025760.jpg	 -28.439434	 -7.218066	 1951.892350	
images/00025770.jpg	 -28.399287	 -7.286476	 1964.063524	
images/00025780.jpg	 -28.785258	 -7.880102	 1912.909362	
images/00025790.jpg	 -28.831791	 -9.345039	 1900.356157	
images/00025800.jpg	 -28.414903	 -9.924478	 1963.550582	
images/00025810.jpg	 -28.412592	 -9.827428	 1962.435813	
images/00025820.jpg	 -28.396823	 -9.187059	 1961.838043	
images/00025830.jpg	 -28.421340	 -9.014203	 1961.000310	
images/00025840.jpg	 -28.447051	 -9.077613	 1961.965450	
images/00025850.jpg	 -28.405659	 -9.330694	 1963.239584	
images/00025860.jpg	 -27.645391	 -9.603938	 2031.434231	
images/00025870.jpg	 -23.350351	 -9.600038	 1936.135883	
images/00025880.jpg	 -16.020625	 -9.647359	 1911.363845	
images/00025890.jpg	 -10.123131	 -9.758587	 2023.058919	
images/00025900.jpg	 -6.587615	 -9.409502	 1968.623529	
images/00025910.jpg	 -5.414014	 -9.340864	 1965.205460	
images/00025920.jpg	 -5.647790	 -9.315327	 1967.865919	
images/00025930.jpg	 -5.888953	 -9.722701	 1967.178736	
images/00025940.jpg	 -5.320514	 -10.159958	 1970.885982	
images/00025950.jpg	 -0.886503	 -10.529649	 1985.118047	
images/00025960.jpg	 6.457295	 -10.707729	 1979.760527	
images/00025970.jpg	 12.614837	 -10.674038	 1984.787737	
images/00025980.jpg	 17.425067	 -10.916122	 1966.791611	
images/00025990.jpg	 21.490935	 -10.945815	 1969.051277	
images/00026000.jpg	 24.817343	 -10.892079	 1965.717004	
images/00026010.jpg	 26.649877	 -10.780440	 1965.985354	
images/00026020.jpg	 28.395418	 -10.614580	 1953.551103	
images/00026030.jpg	 31.026960	 -10.408978	 1953.117250	
images/00026040.jpg	 34.433257	 -10.235745	 1959.503252	
images/00026050.jpg	 37.984011	 -10.030431	 1900.415407	
images/00026060.jpg	 41.417514	 -9.045469	 1905.532254	
images/00026070.jpg	 42.884040	 -7.043333	 1935.275304	
images/00026080.jpg	 43.229806	 -5.856579	 1923.189005	
images/00026090.jpg	 43.161940	 -5.050811	 1933.266953	
images/00036000.jpg	 -19.417753	 -6.736397	 2056.899044	
images/00036010.jpg	 -19.420580	 -6.660670	 2056.800174	
images/00036020.jpg	 -19.420530	 -6.563878	 2057.219120	
images/00036030.jpg	 -19.427619	 -6.477335	 2056.769087	
images/00036040.jpg	 -19.422836	 -6.396063	 2056.743778	
images/00036050.jpg	 -19.420545	 -6.333511	 2056.962010	
images/00036060.jpg	 -19.412911	 -6.295222	 2057.291678	
images/00036070.jpg	 -19.413971	 -6.265726	 2057.246180	
images/00036080.jpg	 -19.407466	 -6.253132	 2057.077477	
images/00036090.jpg	 -19.410314	 -6.188259	 2056.888866	
images/00036100.jpg	 -19.399014	 -6.024525	 2056.471308	
images/00036110.jpg	 -19.373605	 -5.784021	 2056.877667	
images/00036120.jpg	 -19.318383	 -5.544641	 2057.227300	
images/00036130.jpg	 -19.273757	 -5.344999	 2058.018193	
images/00036140.jpg	 -19.113839	 -5.207077	 2057.903430	
images/00036150.jpg	 -18.392504	 -5.120812	 2060.004095	
images/00036160.jpg	 -15.665595	 -4.937481	 2070.298570	
images/00036170.jpg	 -11.563265	 -4.877837	 2064.978584	
images/00036180.jpg	 -7.928620	 -4.799231	 2057.893578	
images/00036190.jpg	 -5.594573	 -6.174887	 2079.815984	
images/00036200.jpg	 -3.567533	 -7.403299	 2112.484775	
images/00036210.jpg	 -2.220582	 -8.059807	 2084.198799	
images/00036220.jpg	 -1.968888	 -8.703084	 2111.760380	
images/00036230.jpg	 -0.241747	 -9.085660	 2105.579433	
images/00036240.jpg	 3.154142	 -9.068714	 2119.504451	
images/00036250.jpg	 8.017419	 -8.905293	 2134.133963	
images/00036260.jpg	 11.995638	 -8.676061	 2098.887454	
images/00036270.jpg	 16.614793	 -8.419240	 2097.217233	
images/00036280.jpg	 22.371808	 -8.347132	 2070.635275	
images/00036290.jpg	 27.026077	 -8.095602	 2044.162515	
images/00036300.jpg	 26.878648	 -7.824740	 2112.739206	
images/00036310.jpg	 26.420306	 -6.814979	 2039.707084	
images/00036320.jpg	 26.287923	 -6.511332	 2086.921486	
images/00036330.jpg	 26.030062	 -8.106886	 2088.731496	
images/00036340.jpg	 25.836990	 -10.045069	 2088.001181	
images/00036350.jpg	 25.632521	 -11.196752	 2086.805934	
images/00036360.jpg	 25.461115	 -11.567980	 2087.352093	
images/00036370.jpg	 29.000693	 -10.154645	 2044.830724	
images/00036380.jpg	 34.947397	 -9.140682	 2062.776865	
images/00036390.jpg	 37.876817	 -8.797931	 2023.820263	
images/00036400.jpg	 39.286788	 -8.535180	 2025.407133	
images/00036410.jpg	 39.428641	 -8.375999	 2049.737214	
images/00036420.jpg	 39.271055	 -8.085427	 2053.332212	
images/00036430.jpg	 39.064364	 -7.763467	 2048.612721	
images/00036440.jpg	 38.837308	 -7.435042	 2050.087914	
images/00036450.jpg	 38.722377	 -6.981534	 2048.042881	
images/00036460.jpg	 38.551004	 -6.460407	 2047.469769	
images/00036470.jpg	 38.392829	 -5.976271	 2049.265489	
images/00036480.jpg	 37.652156	 -5.619103	 2048.468948	
images/00036490.jpg	 31.492115	 -5.313090	 2054.871595	
images/00036500.jpg	 26.429822	 -5.531876	 2110.118962	
images/00036510.jpg	 20.155686	 -5.774400	 2081.773036	
images/00036520.jpg	 16.979103	 -5.846184	 2111.251448	
images/00036530.jpg	 17.320010	 -5.853850	 2089.435938	
images/00036540.jpg	 17.460983	 -5.735029	 2110.310028	
images/00036550.jpg	 17.601233	 -5.528124	 2108.391100	
images/00036560.jpg	 17.783682	 -5.307968	 2099.648120	
images/00036570.jpg	 17.768790	 -5.134421	 2107.939550	
images/00036580.jpg	 17.921677	 -5.066745	 2102.590830	
images/00036590.jpg	 17.862873	 -5.109653	 2107.679282	
images/00036600.jpg	 17.980803	 -5.515726	 2103.333530	
images/00036610.jpg	 17.988090	 -6.795211	 2105.338599	
images/00036620.jpg	 18.019587	 -7.610751	 2104.133382	
images/00036630.jpg	 17.987408	 -8.250706	 2109.005176	
images/00036640.jpg	 18.180375	 -8.795176	 2086.212535	
images/00036650.jpg	 18.194383	 -9.203325	 2086.601247	
images/00036660.jpg	 18.174510	 -9.267896	 2088.357634	
images/00036670.jpg	 17.988450	 -9.303366	 2108.302037	
images/00036680.jpg	 18.144570	 -9.459928	 2088.603487	
images/00036690.jpg	 18.149915	 -9.639301	 2087.340764	
images/00036700.jpg	 18.134402	 -9.730151	 2085.867164	
images/00036710.jpg	 18.140843	 -9.803990	 2085.281563	
images/00036720.jpg	 18.138123	 -9.827488	 2089.913622	
images/00036730.jpg	 18.158177	 -9.720665	 2087.505474	
images/00036740.jpg	 18.170005	 -9.386205	 2089.657406	
images/00036750.jpg	 18.165900	 -9.089481	 2090.575790	
images/00036760.jpg	 18.083718	 -8.843375	 2101.013889	
images/00036770.jpg	 18.176625	 -8.690137	 2085.890299	
images/00036780.jpg	 18.244153	 -8.553879	 2088.294857	
images/00036790.jpg	 18.543549	 -8.555781	 2088.657257	
images/00036800.jpg	 18.740071	 -8.700577	 2092.434364	
images/00036810.jpg	 18.759770	 -8.895580	 2089.012127	
images/00036820.jpg	 18.787073	 -9.056110	 2089.461796	
images/00036830.jpg	 18.701702	 -9.138393	 2103.818273	
images/00036840.jpg	 18.774564	 -9.239391	 2088.644189	
images/00036850.jpg	 18.459136	 -9.311242	 2088.731366	
images/00036860.jpg	 15.768604	 -9.285685	 2105.874228	
images/00036870.jpg	 14.389012	 -9.560597	 2107.737417	
images/00036880.jpg	 13.736231	 -9.686508	 2106.497855	
images/00036890.jpg	 13.253384	 -9.783184	 2108.022336	
images/00036900.jpg	 13.035608	 -9.854871	 2105.696929	
images/00036910.jpg	 12.975407	 -9.878005	 2107.612749	
images/00036920.jpg	 12.705077	 -9.919541	 2087.281665	
images/00036930.jpg	 11.730742	 -9.952758	 2105.040071	
images/00036940.jpg	 8.771377	 -10.113850	 2125.865509	
images/00036950.jpg	 5.666328	 -10.368692	 2121.464992	
images/00036960.jpg	 3.403461	 -10.836886	 2115.526999	
images/00036970.jpg	 1.058810	 -11.331201	 2125.679465	
images/00036980.jpg	 -3.611657	 -11.858134	 2088.365180	
images/00036990.jpg	 -7.275896	 -12.295555	 2093.009996	
images/00037000.jpg	 -10.673233	 -12.775272	 2082.856070	
images/00037010.jpg	 -13.862068	 -13.127298	 2070.277500	
images/00037020.jpg	 -14.566444	 -12.856091	 2057.688977	
images/00037030.jpg	 -14.244076	 -11.220274	 2090.474494	
images/00037040.jpg	 -13.959188	 -10.678601	 2091.944390	
images/00037050.jpg	 -13.799074	 -10.315078	 2090.833303	
images/00037060.jpg	 -13.489668	 -10.361997	 2070.812946	
images/00037070.jpg	 -13.605847	 -10.652412	 2092.317107	
images/00037080.jpg	 -13.542188	 -10.802763	 2090.110504	
images/00037090.jpg	 -13.302194	 -10.939265	 2068.333631	
images/00037100.jpg	 -13.202576	 -10.709819	 2070.915921	
images/00037110.jpg	 -13.413882	 -10.333592	 2087.693034	
images/00037120.jpg	 -13.415645	 -9.840749	 2089.756272	
images/00037130.jpg	 -13.216354	 -9.429919	 2072.492721	
images/00037140.jpg	 -13.275338	 -9.195286	 2069.207163	
images/00037150.jpg	 -13.248092	 -8.916867	 2066.244497	
images/00037160.jpg	 -13.275500	 -8.917308	 2069.476141	
images/00037170.jpg	 -13.431231	 -8.870709	 2089.617486	
images/00037180.jpg	 -13.423177	 -8.880830	 2089.760834	
images/00037190.jpg	 -13.360315	 -8.805727	 2057.376545	
images/00037200.jpg	 -13.364632	 -8.760793	 2058.008188	
images/00037210.jpg	 -13.261226	 -8.853728	 2068.860579	
images/00037220.jpg	 -13.253887	 -8.838084	 2069.106756	
images/00037230.jpg	 -13.241933	 -8.866847	 2058.166326	
images/00037240.jpg	 -13.428691	 -8.816323	 2089.157066	
images/00037250.jpg	 -13.259643	 -8.894983	 2069.330120	
images/00037260.jpg	 -13.361496	 -8.829965	 2057.479391	
images/00037270.jpg	 -13.247741	 -8.943593	 2067.665358	
images/00037280.jpg	 -13.246920	 -8.937177	 2069.029507	
images/00037290.jpg	 -13.411350	 -8.883469	 2089.492893	
images/00037300.jpg	 -13.369990	 -8.805714	 2057.208371	
images/00037310.jpg	 -13.316407	 -8.918881	 2069.200192	
images/00037320.jpg	 -14.173344	 -9.005797	 2086.857057	
images/00037330.jpg	 -16.591870	 -9.197835	 2066.916560	
images/00037340.jpg	 -17.541721	 -9.296170	 2042.837263	
images/00037350.jpg	 -17.930117	 -9.339950	 2067.118794	
images/00037360.jpg	 -18.133471	 -9.321475	 2057.150069	
images/00037370.jpg	 -18.245388	 -9.279649	 2064.236423	
images/00037380.jpg	 -18.260823	 -9.175419	 2064.469065	
images/00037390.jpg	 -18.265006	 -9.044055	 2064.119800	
images/00037400.jpg	 -18.242200	 -8.881074	 2063.252619	
images/00037410.jpg	 -18.225219	 -8.677800	 2063.862248	
images/00037420.jpg	 -18.205391	 -8.429591	 2063.906762	
images/00037430.jpg	 -18.170862	 -8.201119	 2056.916397	
images/00037440.jpg	 -18.157783	 -7.952568	 2064.225948	
images/00037450.jpg	 -18.156236	 -7.785594	 2065.676817	
images/00037460.jpg	 -18.147931	 -7.788842	 2065.304031	
images/00037470.jpg	 -18.142640	 -7.889760	 2065.210167	
images/00037480.jpg	 -18.122293	 -8.010752	 2064.780731	
images/00037490.jpg	 -18.111891	 -8.092177	 2064.501794	
images/00037500.jpg	 -18.100018	 -8.113005	 2063.813500	
images/00037510.jpg	 -18.085680	 -8.095603	 2063.598707	
images/00037520.jpg	 -18.077950	 -8.095316	 2057.861812	
images/00037530.jpg	 -18.084481	 -8.049011	 2064.002213	
images/00037540.jpg	 -18.085149	 -8.023523	 2063.929363	
images/00037550.jpg	 -18.096702	 -8.025197	 2064.455456	
images/00037560.jpg	 -18.095913	 -8.089569	 2065.104753	
images/00037570.jpg	 -18.099182	 -8.312051	 2066.113488	
images/00037580.jpg	 -18.090395	 -8.580636	 2064.417887	
images/00037590.jpg	 -18.094528	 -8.812088	 2064.940760	
images/00037600.jpg	 -18.133307	 -9.032071	 2062.962581	
images/00037610.jpg	 -19.117733	 -9.297446	 2066.281371	
images/00037620.jpg	 -20.447514	 -9.570881	 2058.661862	
images/00037630.jpg	 -20.606531	 -9.812820	 2133.835034	
images/00037640.jpg	 -20.787032	 -9.994196	 2134.933420	
images/00037650.jpg	 -20.875941	 -10.062720	 2141.929598	
images/00037660.jpg	 -21.001532	 -10.054172	 2135.977393	
images/00037670.jpg	 -21.058844	 -10.007586	 2135.844874	
images/00037680.jpg	 -21.101674	 -9.960596	 2136.273483	
images/00037690.jpg	 -21.146549	 -9.925038	 2135.526786	
images/00037700.jpg	 -21.160565	 -9.888562	 2136.525633	
images/00037710.jpg	 -21.315554	 -9.881644	 2079.068021	
images/00037720.jpg	 -21.186815	 -9.838477	 2135.410465	
images/00037730.jpg	 -21.197932	 -9.796993	 2135.599603	
images/00037740.jpg	 -21.334189	 -9.739920	 2079.283311	
images/00037750.jpg	 -21.185513	 -9.662523	 2133.202695	
images/00037760.jpg	 -21.374267	 -9.585964	 2057.069205	
images/00037770.jpg	 -21.421828	 -9.497451	 2059.955159	
images/00037780.jpg	 -22.629546	 -9.458607	 2058.700311	
images/00037790.jpg	 -25.451982	 -9.472281	 2133.433274	
